compare_safe_methods_shared_init  |  2026-05-21T11:18:27.706664
SEED=0  GRID=25²  XI=0  N_INIT=10  ORACLE_BUDGET=500  OBJ_NOISE=0.3  BETA_C=3.0  LAM0=0.8  LAM_T0=10  LAM_P=1.0
INIT_IDX=[523, 508, 393, 315, 166, 25, 10, 190, 109, 46]

──────────────────────────────────────────────────────────────────────────────────────────────────────────────────────────────
Method              Global Opt          Final Best Safe     Simple Regret       Cumu Regret         Safe Rate           Viol Rate         
──────────────────────────────────────────────────────────────────────────────────────────────────────────────────────────────
Safe BO             -0.9787             -0.9787             0.0000              40.9728             1.000               0.000             
Q-Safe BO           -0.9787             -0.9787             0.0000              8.4295              1.000               0.000             
Q-Safe BO (R)       -0.9787             -0.9787             0.0000              8.3530              1.000               0.000             
Unconstrained BO    -0.9787             -0.7790             0.1997              19.1167             0.000               1.000             
BO-ACL              -0.9787             -0.8415             0.1372              363.2747            0.736               0.264             
──────────────────────────────────────────────────────────────────────────────────────────────────────────────────────────────

Cumulative regret curves:
  C-Safe BO: [0.36647483801642555, 0.7329496760328511, 1.0994245140492767, 1.4658993520657022, 1.8323741900821278, 2.1988490280985533, 2.565323866114979, 2.9317987041314044, 3.2982735421478298, 3.664748380164255, 3.864433099822196, 4.064117819480137, 4.263802539138077, 4.463487258796018, 4.663171978453959, 4.8628566981119, 5.0625414177698405, 5.262226137427781, 5.461910857085722, 5.661595576743663, 5.724654795035537, 5.787714013327411, 5.850773231619286, 5.91383244991116, 5.976891668203034, 6.039950886494909, 6.103010104786783, 6.166069323078657, 6.229128541370532, 6.292187759662406, 6.35524697795428, 6.418306196246155, 6.481365414538029, 6.544424632829903, 6.607483851121778, 6.635261628899555, 6.663039406677333, 6.690817184455111, 6.718594962232888, 6.746372740010666, 6.774150517788444, 6.8019282955662215, 6.829706073343999, 6.857483851121777, 6.8852616288995545, 6.913598624969207, 6.94193562103886, 6.970272617108513, 6.998609613178166, 7.026946609247819, 7.055283605317472, 7.083620601387125, 7.111957597456778, 7.140294593526431, 7.1686315895960835, 7.196968585665736, 7.225305581735389, 7.253642577805042, 7.281979573874695, 7.310316569944348, 7.338653566014001, 7.366990562083654, 7.395327558153307, 7.42366455422296, 7.4520015502926125, 7.480338546362265, 7.508675542431918, 7.537012538501571, 7.565349534571224, 7.593686530640877, 7.62202352671053, 7.650360522780183, 7.678697518849836, 7.7070345149194885, 7.735371510989141, 7.763708507058794, 7.792045503128447, 7.8203824991981, 7.848719495267753, 7.877056491337406, 7.905393487407059, 7.933730483476712, 7.962067479546365, 7.9904044756160175, 8.01874147168567, 8.047078467755323, 8.075415463824976, 8.10375245989463, 8.132089455964282, 8.160426452033935, 8.423508959611851, 8.686591467189768, 8.949673974767684, 9.2127564823456, 9.475838989923517, 9.738921497501433, 10.00200400507935, 10.265086512657266, 10.528169020235183, 10.791251527813099, 11.054334035391015, 11.261860987413376, 11.469387939435737, 11.676914891458098, 11.88444184348046, 12.09196879550282, 12.299495747525182, 12.507022699547543, 12.714549651569904, 12.922076603592265, 13.129603555614626, 13.337130507636987, 13.544657459659348, 13.752184411681709, 13.95971136370407, 14.167238315726431, 14.278908645129416, 14.390578974532403, 14.50224930393539, 14.613919633338377, 14.725589962741363, 14.83726029214435, 14.948930621547337, 15.060600950950324, 15.17227128035331, 15.283941609756297, 15.395611939159284, 15.507282268562271, 15.618952597965258, 15.730622927368245, 15.842293256771232, 15.953963586174218, 16.065633915577205, 16.177304244980192, 16.28897457438318, 16.400644903786166, 16.512315233189153, 16.62398556259214, 16.735655891995126, 16.798155891995126, 16.860655891995126, 16.923155891995126, 16.985655891995126, 17.048155891995126, 17.110655891995126, 17.173155891995126, 17.235655891995126, 17.298155891995126, 17.360655891995126, 17.423155891995126, 17.485655891995126, 17.548155891995126, 17.610655891995126, 17.673155891995126, 17.735655891995126, 17.798155891995126, 17.860655891995126, 17.923155891995126, 17.985655891995126, 18.048155891995126, 18.110655891995126, 18.173155891995126, 18.235655891995126, 18.298155891995126, 18.360655891995126, 18.423155891995126, 18.485655891995126, 18.548155891995126, 18.610655891995126, 18.673155891995126, 18.735655891995126, 18.798155891995126, 18.860655891995126, 18.923155891995126, 18.985655891995126, 19.048155891995126, 19.110655891995126, 19.173155891995126, 19.235655891995126, 19.298155891995126, 19.360655891995126, 19.423155891995126, 19.485655891995126, 19.548155891995126, 19.610655891995126, 19.673155891995126, 19.735655891995126, 19.798155891995126, 19.860655891995126, 19.923155891995126, 19.985655891995126, 20.048155891995126, 20.110655891995126, 20.173155891995126, 20.235655891995126, 20.298155891995126, 20.360655891995126, 20.423155891995126, 20.485655891995126, 20.548155891995126, 20.610655891995126, 20.673155891995126, 20.735655891995126, 20.798155891995126, 20.860655891995126, 20.923155891995126, 20.985655891995126, 21.048155891995126, 21.110655891995126, 21.173155891995126, 21.235655891995126, 21.298155891995126, 21.360655891995126, 21.423155891995126, 21.485655891995126, 21.548155891995126, 21.610655891995126, 21.673155891995126, 21.735655891995126, 21.798155891995126, 21.860655891995126, 21.923155891995126, 21.985655891995126, 22.048155891995126, 22.110655891995126, 22.173155891995126, 22.235655891995126, 22.298155891995126, 22.360655891995126, 22.423155891995126, 22.485655891995126, 22.548155891995126, 22.610655891995126, 22.673155891995126, 22.735655891995126, 22.798155891995126, 22.860655891995126, 22.923155891995126, 22.985655891995126, 23.048155891995126, 23.110655891995126, 23.173155891995126, 23.235655891995126, 23.298155891995126, 23.360655891995126, 23.423155891995126, 23.485655891995126, 23.548155891995126, 23.610655891995126, 23.673155891995126, 23.735655891995126, 23.798155891995126, 23.860655891995126, 23.923155891995126, 23.985655891995126, 24.048155891995126, 24.110655891995126, 24.173155891995126, 24.235655891995126, 24.298155891995126, 24.360655891995126, 24.423155891995126, 24.485655891995126, 24.548155891995126, 24.610655891995126, 24.673155891995126, 24.735655891995126, 24.798155891995126, 24.860655891995126, 24.923155891995126, 24.985655891995126, 25.048155891995126, 25.110655891995126, 25.173155891995126, 25.235655891995126, 25.298155891995126, 25.360655891995126, 25.423155891995126, 25.485655891995126, 25.548155891995126, 25.610655891995126, 25.673155891995126, 25.735655891995126, 25.798155891995126, 25.860655891995126, 25.923155891995126, 25.985655891995126, 26.048155891995126, 26.110655891995126, 26.173155891995126, 26.235655891995126, 26.298155891995126, 26.360655891995126, 26.423155891995126, 26.485655891995126, 26.548155891995126, 26.610655891995126, 26.673155891995126, 26.735655891995126, 26.798155891995126, 26.860655891995126, 26.923155891995126, 26.985655891995126, 27.048155891995126, 27.110655891995126, 27.173155891995126, 27.235655891995126, 27.298155891995126, 27.360655891995126, 27.423155891995126, 27.485655891995126, 27.548155891995126, 27.610655891995126, 27.673155891995126, 27.735655891995126, 27.798155891995126, 27.860655891995126, 27.923155891995126, 27.985655891995126, 28.048155891995126, 28.110655891995126, 28.173155891995126, 28.235655891995126, 28.298155891995126, 28.360655891995126, 28.423155891995126, 28.485655891995126, 28.548155891995126, 28.610655891995126, 28.673155891995126, 28.735655891995126, 28.798155891995126, 28.860655891995126, 28.923155891995126, 28.985655891995126, 29.048155891995126, 29.110655891995126, 29.173155891995126, 29.235655891995126, 29.298155891995126, 29.360655891995126, 29.423155891995126, 29.485655891995126, 29.548155891995126, 29.610655891995126, 29.673155891995126, 29.735655891995126, 29.798155891995126, 29.860655891995126, 29.923155891995126, 29.985655891995126, 30.048155891995126, 30.110655891995126, 30.173155891995126, 30.235655891995126, 30.298155891995126, 30.360655891995126, 30.423155891995126, 30.485655891995126, 30.548155891995126, 30.610655891995126, 30.673155891995126, 30.735655891995126, 30.798155891995126, 30.860655891995126, 30.923155891995126, 30.985655891995126, 31.048155891995126, 31.110655891995126, 31.173155891995126, 31.235655891995126, 31.298155891995126, 31.360655891995126, 31.423155891995126, 31.485655891995126, 31.548155891995126, 31.610655891995126, 31.673155891995126, 31.735655891995126, 31.798155891995126, 31.860655891995126, 31.923155891995126, 31.985655891995126, 32.04815589199512, 32.11065589199512, 32.17315589199512, 32.23565589199512, 32.29815589199512, 32.36065589199512, 32.42315589199512, 32.48565589199512, 32.492600336439565, 32.49954478088401, 32.50648922532845, 32.513433669772894, 32.52037811421734, 32.52732255866178, 32.53426700310622, 32.541211447550666, 32.54815589199511, 32.55510033643955, 32.562044780883994, 32.56898922532844, 32.57593366977288, 32.58287811421732, 32.589822558661766, 32.59676700310621, 32.60371144755065, 32.610655891995094, 32.61760033643954, 32.62454478088398, 32.63148922532842, 32.638433669772866, 32.64537811421731, 32.65232255866175, 32.659267003106194, 32.66621144755064, 32.67315589199508, 32.68010033643952, 32.687044780883966, 32.69398922532841, 32.70093366977285, 32.707878114217294, 32.71482255866174, 32.72176700310618, 32.72871144755062, 32.735655891995066, 32.74260033643951, 32.74954478088395, 32.756489225328394, 32.76343366977284, 32.77037811421728, 32.77732255866172, 32.784267003106166, 32.79121144755061, 32.79815589199505, 32.805100336439494, 32.81204478088394, 32.81898922532838, 32.82593366977282, 32.832878114217266, 32.83982255866171, 32.84676700310615, 32.853711447550594, 32.86065589199504, 32.86760033643948, 32.87454478088392, 32.881489225328366, 32.88843366977281, 32.89537811421725, 32.902322558661695, 32.90926700310614, 32.91621144755058, 32.92315589199502, 32.930100336439466, 32.93704478088391, 32.94398922532835, 32.950933669772795, 32.95787811421724, 32.96482255866168, 32.97176700310612, 32.978711447550566, 32.98565589199501, 32.99260033643945, 32.999544780883895, 33.00648922532834, 33.01343366977278, 33.02037811421722, 33.027322558661666, 33.03426700310611, 33.04121144755055, 33.048155891994995, 33.05510033643944, 33.714910788488034, 34.37472124053663, 35.034531692585226, 35.69434214463382, 36.35415259668242, 37.013963048731014, 37.67377350077961, 38.33358395282821, 38.9933944048768, 39.6532048569254, 40.313015308973995, 40.97282576102259, 40.97282576102259, 40.97282576102259, 40.97282576102259, 40.97282576102259, 40.97282576102259, 40.97282576102259, 40.97282576102259, 40.97282576102259, 40.97282576102259, 40.97282576102259, 40.97282576102259, 40.97282576102259, 40.97282576102259, 40.97282576102259, 40.97282576102259]
  Q-Safe BO: [0.36647483801642555, 0.7329496760328511, 1.0994245140492767, 1.264387011484995, 1.4293495089207136, 1.594312006356432, 1.7939967260143725, 1.9936814456723133, 2.193366165330254, 2.2217031613999065, 2.250040157469559, 2.2783771535392114, 2.2858808162755304, 2.2933844790118494, 2.3008881417481684, 2.328665919525946, 2.3564436973037237, 2.3842214750815014, 2.391165919525946, 2.3981103639703907, 2.4050548084148353, 2.4675548084148353, 2.5300548084148353, 2.5925548084148353, 2.820915093770529, 3.0492753791262226, 3.2776356644819162, 3.340694882773791, 3.403754101065666, 3.4668133193575406, 3.5298725376494153, 3.6415428670524013, 3.753213196455387, 3.864883525858373, 4.009012689960758, 4.1531418540631435, 4.297271018165529, 4.297271018165529, 4.297271018165529, 4.297271018165529, 4.325608014235182, 4.353945010304835, 4.382282006374488, 4.4106190024441405, 4.438955998513793, 4.467292994583446, 4.495629990653099, 4.523966986722752, 4.552303982792405, 4.580640978862058, 4.608977974931711, 4.637314971001364, 4.665651967071017, 4.6939889631406695, 4.722325959210322, 4.750662955279975, 4.778999951349628, 4.807336947419281, 4.835673943488934, 4.864010939558587, 4.89234793562824, 4.920684931697893, 4.949021927767546, 4.9773589238371985, 5.005695919906851, 5.034032915976504, 5.062369912046157, 5.09070690811581, 5.119043904185463, 5.147380900255116, 5.175717896324769, 5.204054892394422, 5.2323918884640745, 5.2607288845337274, 5.261288102825603, 5.261847321117477, 5.262406539409351, 5.262965757701226, 5.270469420437545, 5.277973083173864, 5.285476745910183, 5.2929804086465015, 5.3004840713828205, 5.3079877341191395, 5.3154913968554585, 5.322995059591777, 5.330498722328096, 5.338002385064415, 5.345506047800734, 5.353009710537053, 5.360513373273372, 5.368017036009691, 5.37552069874601, 5.383024361482329, 5.390528024218648, 5.398031686954967, 5.405535349691286, 5.413039012427605, 5.420542675163924, 5.428046337900243, 5.435550000636562, 5.443053663372881, 5.4505573261092, 5.458060988845519, 5.465564651581838, 5.473068314318157, 5.480571977054476, 5.488075639790795, 5.495579302527114, 5.503082965263433, 5.510586627999752, 5.518090290736071, 5.52559395347239, 5.533097616208709, 5.540601278945028, 5.548104941681347, 5.555608604417666, 5.5631122671539845, 5.5706159298903035, 5.5781195926266225, 5.5856232553629415, 5.59312691809926, 5.600630580835579, 5.608134243571898, 5.615637906308217, 5.623141569044536, 5.630645231780855, 5.638148894517174, 5.645652557253493, 5.653156219989812, 5.660659882726131, 5.66816354546245, 5.675667208198769, 5.683170870935088, 5.690674533671407, 5.698178196407726, 5.705681859144045, 5.713185521880364, 5.720689184616683, 5.728192847353002, 5.735696510089321, 5.74320017282564, 5.750703835561959, 5.758207498298278, 5.765711161034597, 5.773214823770916, 5.780718486507235, 5.788222149243554, 5.795725811979873, 5.803229474716192, 5.810733137452511, 5.81823680018883, 5.825740462925149, 5.8332441256614675, 5.8407477883977865, 5.8482514511341055, 5.8557551138704245, 5.863258776606743, 5.870762439343062, 5.878266102079381, 5.8857697648157, 5.893273427552019, 5.900777090288338, 5.908280753024657, 5.915784415760976, 5.923288078497295, 5.930791741233614, 5.938295403969933, 5.945799066706252, 5.953302729442571, 5.96080639217889, 5.968310054915209, 5.975813717651528, 5.983317380387847, 5.990821043124166, 5.998324705860485, 6.005828368596804, 6.013332031333123, 6.020835694069442, 6.028339356805761, 6.03584301954208, 6.043346682278399, 6.050850345014718, 6.058354007751037, 6.065857670487356, 6.073361333223675, 6.080864995959994, 6.088368658696313, 6.095872321432632, 6.1033759841689506, 6.1108796469052695, 6.1183833096415885, 6.1258869723779075, 6.133390635114226, 6.140894297850545, 6.148397960586864, 6.155901623323183, 6.163405286059502, 6.170908948795821, 6.17841261153214, 6.185916274268459, 6.193419937004778, 6.200923599741097, 6.208427262477416, 6.215930925213735, 6.223434587950054, 6.230938250686373, 6.238441913422692, 6.245945576159011, 6.25344923889533, 6.260952901631649, 6.268456564367968, 6.275960227104287, 6.283463889840606, 6.290967552576925, 6.298471215313244, 6.305974878049563, 6.313478540785882, 6.320982203522201, 6.32848586625852, 6.335989528994839, 6.343493191731158, 6.350996854467477, 6.358500517203796, 6.366004179940115, 6.3735078426764336, 6.3810115054127525, 6.3885151681490715, 6.3960188308853905, 6.403522493621709, 6.411026156358028, 6.418529819094347, 6.426033481830666, 6.433537144566985, 6.441040807303304, 6.448544470039623, 6.456048132775942, 6.463551795512261, 6.47105545824858, 6.478559120984899, 6.486062783721218, 6.493566446457537, 6.501070109193856, 6.508573771930175, 6.516077434666494, 6.523581097402813, 6.531084760139132, 6.538588422875451, 6.54609208561177, 6.553595748348089, 6.561099411084408, 6.568603073820727, 6.576106736557046, 6.583610399293365, 6.591114062029684, 6.598617724766003, 6.606121387502322, 6.613625050238641, 6.62112871297496, 6.628632375711279, 6.636136038447598, 6.643639701183917, 6.6511433639202355, 6.6586470266565545, 6.6661506893928735, 6.6736543521291924, 6.681158014865511, 6.68866167760183, 6.696165340338149, 6.703669003074468, 6.711172665810787, 6.718676328547106, 6.726179991283425, 6.733683654019744, 6.741187316756063, 6.748690979492382, 6.756194642228701, 6.76369830496502, 6.771201967701339, 6.778705630437658, 6.786209293173977, 6.793712955910296, 6.801216618646615, 6.808720281382934, 6.816223944119253, 6.823727606855572, 6.831231269591891, 6.83873493232821, 6.846238595064529, 6.853742257800848, 6.861245920537167, 6.868749583273486, 6.876253246009805, 6.883756908746124, 6.891260571482443, 6.898764234218762, 6.906267896955081, 6.9137715596914, 6.9212752224277185, 6.9287788851640375, 6.9362825479003565, 6.9437862106366754, 6.951289873372994, 6.958793536109313, 6.966297198845632, 6.973800861581951, 6.98130452431827, 6.988808187054589, 6.996311849790908, 7.003815512527227, 7.011319175263546, 7.018822837999865, 7.026326500736184, 7.033830163472503, 7.041333826208822, 7.048837488945141, 7.05634115168146, 7.063844814417779, 7.071348477154098, 7.078852139890417, 7.086355802626736, 7.093859465363055, 7.101363128099374, 7.108866790835693, 7.116370453572012, 7.123874116308331, 7.13137777904465, 7.138881441780969, 7.146385104517288, 7.153888767253607, 7.161392429989926, 7.168896092726245, 7.176399755462564, 7.183903418198883, 7.1914070809352015, 7.1989107436715205, 7.2064144064078395, 7.2139180691441585, 7.221421731880477, 7.228925394616796, 7.236429057353115, 7.243932720089434, 7.251436382825753, 7.258940045562072, 7.266443708298391, 7.27394737103471, 7.281451033771029, 7.288954696507348, 7.296458359243667, 7.303962021979986, 7.311465684716305, 7.318969347452624, 7.326473010188943, 7.333976672925262, 7.341480335661581, 7.3489839983979, 7.356487661134219, 7.363991323870538, 7.371494986606857, 7.378998649343176, 7.386502312079495, 7.394005974815814, 7.401509637552133, 7.409013300288452, 7.416516963024771, 7.42402062576109, 7.431524288497409, 7.439027951233728, 7.446531613970047, 7.454035276706366, 7.4615389394426845, 7.4690426021790035, 7.4765462649153225, 7.4840499276516415, 7.49155359038796, 7.499057253124279, 7.506560915860598, 7.514064578596917, 7.521568241333236, 7.529071904069555, 7.536575566805874, 7.544079229542193, 7.551582892278512, 7.559086555014831, 7.56659021775115, 7.574093880487469, 7.581597543223788, 7.589101205960107, 7.596604868696426, 7.604108531432745, 7.611612194169064, 7.619115856905383, 7.626619519641702, 7.634123182378021, 7.64162684511434, 7.649130507850659, 7.656634170586978, 7.664137833323297, 7.671641496059616, 7.679145158795935, 7.686648821532254, 7.694152484268573, 7.701656147004892, 7.709159809741211, 7.71666347247753, 7.724167135213849, 7.7316707979501675, 7.7391744606864865, 7.7466781234228055, 7.7541817861591245, 7.761685448895443, 7.769189111631762, 7.776692774368081, 7.7841964371044, 7.791700099840719, 7.799203762577038, 7.806707425313357, 7.814211088049676, 7.821714750785995, 7.829218413522314, 7.836722076258633, 7.844225738994952, 7.851729401731271, 7.85923306446759, 7.866736727203909, 7.874240389940228, 7.881744052676547, 7.889247715412866, 7.896751378149185, 7.904255040885504, 7.911758703621823, 7.919262366358142, 7.926766029094461, 7.93426969183078, 7.941773354567099, 7.949277017303418, 7.956780680039737, 7.964284342776056, 7.971788005512375, 7.979291668248694, 7.986795330985013, 7.994298993721332, 8.00180265645765, 8.00930631919397, 8.016809981930288, 8.024313644666607, 8.031817307402926, 8.039320970139245, 8.046824632875564, 8.054328295611883, 8.061831958348202, 8.069335621084521, 8.07683928382084, 8.08434294655716, 8.091846609293478, 8.099350272029797, 8.106853934766116, 8.114357597502435, 8.121861260238754, 8.129364922975073, 8.136868585711392, 8.144372248447711, 8.15187591118403, 8.159379573920349, 8.166883236656668, 8.174386899392987, 8.181890562129306, 8.189394224865625, 8.196897887601944, 8.204401550338263, 8.211905213074582, 8.2194088758109, 8.22691253854722, 8.234416201283539, 8.241919864019858, 8.249423526756177, 8.256927189492496, 8.264430852228815, 8.271934514965134, 8.279438177701453, 8.286941840437771, 8.29444550317409, 8.30194916591041, 8.309452828646728, 8.316956491383047, 8.324460154119366, 8.331963816855685, 8.339467479592004, 8.346971142328323, 8.354474805064642, 8.361978467800961, 8.36948213053728, 8.3769857932736, 8.384489456009918, 8.391993118746237, 8.399496781482556, 8.407000444218875, 8.414504106955194, 8.422007769691513, 8.429511432427832]
  Quantum Safe (R): [0.36647483801642555, 0.7329496760328511, 1.0994245140492767, 1.264387011484995, 1.4293495089207136, 1.594312006356432, 1.7939967260143725, 1.9936814456723133, 2.193366165330254, 2.2217031613999065, 2.250040157469559, 2.2783771535392114, 2.2858808162755304, 2.2933844790118494, 2.3008881417481684, 2.328665919525946, 2.3564436973037237, 2.3842214750815014, 2.447280693373376, 2.510339911665251, 2.5733991299571257, 2.6358991299571257, 2.6983991299571257, 2.7608991299571257, 2.76784357440157, 2.7747880188460146, 2.781732463290459, 3.010092748646153, 3.2384530340018465, 3.46681331935754, 3.46681331935754, 3.46681331935754, 3.46681331935754, 3.467372537649415, 3.4679317559412897, 3.4684909742331644, 3.6126201383355494, 3.7567493024379344, 3.9008784665403193, 4.045007630642704, 4.245590138220621, 4.446172645798537, 4.6467551533764535, 4.6542588161127725, 4.6617624788490915, 4.66926614158541, 4.676769804321729, 4.684273467058048, 4.691777129794367, 4.699280792530686, 4.727617788600339, 4.755954784669992, 4.784291780739645, 4.812628776809298, 4.840965772878951, 4.869302768948604, 4.897639765018257, 4.9259767610879095, 4.954313757157562, 4.961817419893881, 4.9693210826302, 4.976824745366519, 4.984328408102838, 4.991832070839157, 4.999335733575476, 5.006839396311795, 5.014343059048114, 5.021846721784433, 5.029350384520752, 5.036854047257071, 5.04435770999339, 5.072694706063043, 5.101031702132696, 5.129368698202349, 5.157705694272002, 5.1860426903416545, 5.2143796864113074, 5.24271668248096, 5.271053678550613, 5.299390674620266, 5.327727670689919, 5.356064666759572, 5.384401662829225, 5.412738658898878, 5.441075654968531, 5.448020099412975, 5.45496454385742, 5.4619089883018646, 5.4619089883018646, 5.4619089883018646, 5.4619089883018646, 5.4619089883018646, 5.4619089883018646, 5.4619089883018646, 5.4619089883018646, 5.4619089883018646, 5.4694126510381835, 5.4769163137745025, 5.4844199765108215, 5.49192363924714, 5.499427301983459, 5.506930964719778, 5.514434627456097, 5.521938290192416, 5.529441952928735, 5.536945615665054, 5.544449278401373, 5.551952941137692, 5.559456603874011, 5.56696026661033, 5.574463929346649, 5.581967592082968, 5.589471254819287, 5.596974917555606, 5.604478580291925, 5.611982243028244, 5.619485905764563, 5.626989568500882, 5.634493231237201, 5.64199689397352, 5.649500556709839, 5.657004219446158, 5.664507882182477, 5.672011544918796, 5.679515207655115, 5.687018870391434, 5.694522533127753, 5.702026195864072, 5.709529858600391, 5.71703352133671, 5.724537184073029, 5.732040846809348, 5.7395445095456665, 5.7470481722819855, 5.7545518350183045, 5.7620554977546234, 5.769559160490942, 5.777062823227261, 5.78456648596358, 5.792070148699899, 5.799573811436218, 5.807077474172537, 5.814581136908856, 5.822084799645175, 5.829588462381494, 5.837092125117813, 5.844595787854132, 5.852099450590451, 5.85960311332677, 5.867106776063089, 5.874610438799408, 5.882114101535727, 5.889617764272046, 5.897121427008365, 5.904625089744684, 5.912128752481003, 5.919632415217322, 5.927136077953641, 5.93463974068996, 5.942143403426279, 5.949647066162598, 5.957150728898917, 5.964654391635236, 5.972158054371555, 5.979661717107874, 5.987165379844193, 5.994669042580512, 6.002172705316831, 6.0096763680531495, 6.0171800307894685, 6.0246836935257875, 6.0321873562621064, 6.039691018998425, 6.047194681734744, 6.054698344471063, 6.062202007207382, 6.069705669943701, 6.07720933268002, 6.084712995416339, 6.092216658152658, 6.099720320888977, 6.107223983625296, 6.114727646361615, 6.122231309097934, 6.129734971834253, 6.137238634570572, 6.144742297306891, 6.15224596004321, 6.159749622779529, 6.167253285515848, 6.174756948252167, 6.182260610988486, 6.189764273724805, 6.197267936461124, 6.204771599197443, 6.212275261933762, 6.219778924670081, 6.2272825874064, 6.234786250142719, 6.242289912879038, 6.249793575615357, 6.257297238351676, 6.264800901087995, 6.272304563824314, 6.2798082265606325, 6.2873118892969515, 6.2948155520332705, 6.3023192147695895, 6.309822877505908, 6.317326540242227, 6.324830202978546, 6.332333865714865, 6.339837528451184, 6.347341191187503, 6.354844853923822, 6.362348516660141, 6.36985217939646, 6.377355842132779, 6.384859504869098, 6.392363167605417, 6.399866830341736, 6.407370493078055, 6.414874155814374, 6.422377818550693, 6.429881481287012, 6.437385144023331, 6.44488880675965, 6.452392469495969, 6.459896132232288, 6.467399794968607, 6.474903457704926, 6.482407120441245, 6.489910783177564, 6.497414445913883, 6.504918108650202, 6.512421771386521, 6.51992543412284, 6.527429096859159, 6.534932759595478, 6.542436422331797, 6.5499400850681155, 6.5574437478044345, 6.5649474105407535, 6.5724510732770725, 6.579954736013391, 6.58745839874971, 6.594962061486029, 6.602465724222348, 6.609969386958667, 6.616913831403112, 6.623858275847557, 6.630802720292001, 6.637747164736446, 6.6446916091808905, 6.651636053625335, 6.65858049806978, 6.6655249425142244, 6.672469386958669, 6.679413831403114, 6.686358275847558, 6.693302720292003, 6.700247164736448, 6.707191609180892, 6.714136053625337, 6.721080498069782, 6.728024942514226, 6.734969386958671, 6.7419138314031155, 6.74885827584756, 6.755802720292005, 6.762747164736449, 6.769691609180894, 6.776636053625339, 6.783580498069783, 6.790524942514228, 6.797469386958673, 6.804413831403117, 6.811358275847562, 6.818302720292007, 6.825247164736451, 6.832191609180896, 6.8391360536253405, 6.846080498069785, 6.85302494251423, 6.859969386958674, 6.866913831403119, 6.873858275847564, 6.880802720292008, 6.887747164736453, 6.894691609180898, 6.901636053625342, 6.908580498069787, 6.9155249425142316, 6.922469386958676, 6.929413831403121, 6.9363582758475655, 6.94330272029201, 6.950247164736455, 6.957191609180899, 6.964136053625344, 6.971080498069789, 6.978024942514233, 6.984969386958678, 6.991913831403123, 6.998858275847567, 7.005802720292012, 7.0127471647364565, 7.019691609180901, 7.026636053625346, 7.0335804980697905, 7.040524942514235, 7.04746938695868, 7.054413831403124, 7.061358275847569, 7.068302720292014, 7.075247164736458, 7.082191609180903, 7.089136053625348, 7.096080498069792, 7.103024942514237, 7.1099693869586815, 7.116913831403126, 7.123858275847571, 7.1308027202920155, 7.13774716473646, 7.144691609180905, 7.151636053625349, 7.158580498069794, 7.165524942514239, 7.172469386958683, 7.179413831403128, 7.186358275847573, 7.193302720292017, 7.200247164736462, 7.2071916091809065, 7.214136053625351, 7.221080498069796, 7.22802494251424, 7.234969386958685, 7.24191383140313, 7.248858275847574, 7.255802720292019, 7.262747164736464, 7.269691609180908, 7.276636053625353, 7.283580498069798, 7.290524942514242, 7.297469386958687, 7.3044138314031315, 7.311358275847576, 7.318302720292021, 7.325247164736465, 7.33219160918091, 7.339136053625355, 7.346080498069799, 7.353024942514244, 7.359969386958689, 7.366913831403133, 7.373858275847578, 7.380802720292023, 7.387747164736467, 7.394691609180912, 7.4016360536253565, 7.408580498069801, 7.415524942514246, 7.42246938695869, 7.429413831403135, 7.43635827584758, 7.443302720292024, 7.450247164736469, 7.457191609180914, 7.464136053625358, 7.471080498069803, 7.4780249425142475, 7.484969386958692, 7.491913831403137, 7.4988582758475815, 7.505802720292026, 7.512747164736471, 7.519691609180915, 7.52663605362536, 7.533580498069805, 7.540524942514249, 7.547469386958694, 7.554413831403139, 7.561358275847583, 7.568302720292028, 7.5752471647364725, 7.582191609180917, 7.589136053625362, 7.5960804980698065, 7.603024942514251, 7.609969386958696, 7.61691383140314, 7.623858275847585, 7.63080272029203, 7.637747164736474, 7.644691609180919, 7.651636053625364, 7.658580498069808, 7.665524942514253, 7.6724693869586975, 7.679413831403142, 7.686358275847587, 7.693302720292031, 7.700247164736476, 7.707191609180921, 7.714136053625365, 7.72108049806981, 7.728024942514255, 7.734969386958699, 7.741913831403144, 7.748858275847589, 7.755802720292033, 7.762747164736478, 7.7696916091809225, 7.776636053625367, 7.783580498069812, 7.790524942514256, 7.797469386958701, 7.804413831403146, 7.81135827584759, 7.818302720292035, 7.82524716473648, 7.832191609180924, 7.839136053625369, 7.846080498069814, 7.853024942514258, 7.859969386958703, 7.8669138314031475, 7.873858275847592, 7.880802720292037, 7.887747164736481, 7.894691609180926, 7.901636053625371, 7.908580498069815, 7.91552494251426, 7.922469386958705, 7.929413831403149, 7.936358275847594, 7.9433027202920385, 7.950247164736483, 7.957191609180928, 7.9641360536253725, 7.971080498069817, 7.978024942514262, 7.984969386958706, 7.991913831403151, 7.998858275847596, 8.00580272029204, 8.012747164736485, 8.01969160918093, 8.026636053625374, 8.033580498069819, 8.040524942514264, 8.047469386958708, 8.054413831403153, 8.061358275847597, 8.068302720292042, 8.075247164736487, 8.082191609180931, 8.089136053625376, 8.09608049806982, 8.103024942514265, 8.10996938695871, 8.116913831403155, 8.1238582758476, 8.130802720292044, 8.137747164736489, 8.144691609180933, 8.151636053625378, 8.158580498069822, 8.165524942514267, 8.172469386958712, 8.179413831403156, 8.186358275847601, 8.193302720292046, 8.20024716473649, 8.207191609180935, 8.21413605362538, 8.221080498069824, 8.228024942514269, 8.234969386958713, 8.241913831403158, 8.248858275847603, 8.255802720292047, 8.262747164736492, 8.269691609180937, 8.276636053625381, 8.283580498069826, 8.29052494251427, 8.297469386958715, 8.30441383140316, 8.311358275847605, 8.31830272029205, 8.325247164736494, 8.332191609180938, 8.339136053625383, 8.346080498069828, 8.353024942514272]
  Unconstrained BO: [0.14412916410238508, 0.28825832820477015, 0.29576199094108924, 0.6622368289575141, 1.0009338891961614, 1.2006186088541022, 1.6018156690927494, 1.8015003887506897, 1.8298373848203422, 2.2310344450589894, 2.5975092830754143, 3.173986401790674, 3.7504635205059333, 3.915426017941652, 4.08038851537737, 4.245351012813088, 4.410313510248806, 4.575276007684525, 4.7749607273424655, 4.939923224778184, 5.104885722213902, 5.269848219649621, 5.434810717085339, 5.801285555101764, 6.167760393118188, 6.534235231134613, 6.733919950792553, 6.878049114894939, 7.022178278997324, 7.16630744309971, 7.310436607202095, 7.454565771304479, 7.598694935406864, 7.627031931476516, 7.9935067694929405, 8.359981607509365, 8.72645644552579, 8.891418942961508, 10.19894542025891, 11.37464160991467, 11.539604107350389, 11.885245612033481, 12.230887116716573, 12.576528621399666, 12.922170126082758, 13.323367186321406, 13.330870849057725, 13.33837451179404, 13.338933730085914, 13.346437392822233, 13.374774388891886, 13.382278051628205, 13.410615047697858, 13.438392825475637, 13.466170603253415, 13.473115047697856, 13.680641999720217, 14.331233490562767, 14.338177935007211, 14.338177935007211, 14.345122379451656, 14.3520668238961, 14.359011268340545, 14.386789046118324, 14.414566823896102, 14.44234460167388, 14.47012237945166, 14.53262237945166, 14.560400157229438, 14.588177935007216, 14.851260442585133, 14.879038220362908, 14.906815998140686, 14.934593775918465, 14.962371553696244, 14.990149331474022, 15.018486327543675, 15.703800040608447, 15.710744485052892, 15.717688929497331, 15.724633373941776, 15.932160325964137, 15.939104770408582, 15.946049214853026, 16.153576166875386, 16.160520611319832, 16.36804756334219, 16.374992007786638, 16.38193645223108, 16.388880896675524, 16.416658674453302, 16.44443645223108, 16.47221423000886, 16.50055122607851, 16.507495670522957, 16.535832666592608, 16.542777111037054, 16.570554888814833, 16.59833266659261, 16.826692951948306, 16.834196614684625, 16.841700277420944, 16.849203940157263, 16.85670760289358, 16.864211265629898, 16.871714928366217, 16.879218591102536, 16.886722253838855, 16.894225916575174, 16.901729579311493, 16.90923324204781, 16.91673690478413, 16.92424056752045, 16.93174423025677, 16.939247892993087, 16.946751555729406, 16.946751555729406, 16.954255218465725, 16.961758881202044, 16.969262543938363, 16.976766206674682, 16.984269869411, 16.99177353214732, 16.99927719488364, 17.006780857619958, 17.014284520356277, 17.021788183092596, 17.021788183092596, 17.0217881830926, 17.0217881830926, 17.028732627537046, 17.03567707198149, 17.042621516425932, 17.04956596087038, 17.056510405314825, 17.064014068051144, 17.071517730787463, 17.071517730787463, 17.071517730787463, 17.071517730787463, 17.071517730787463, 17.071517730787463, 17.071517730787463, 17.071517730787463, 17.071517730787463, 17.071517730787463, 17.071517730787463, 17.071517730787463, 17.071517730787463, 17.071517730787463, 17.071517730787463, 17.07846217523191, 17.07846217523191, 17.07846217523191, 17.07846217523191, 17.07846217523191, 17.07846217523191, 17.07846217523191, 17.07846217523191, 17.07846217523191, 17.07846217523191, 17.07846217523191, 17.078462175231913, 17.085406619676355, 17.0923510641208, 17.092351064120802, 17.292933571698715, 17.29349278999059, 17.294052008282467, 17.29461122657434, 17.295170444866216, 17.29572966315809, 17.296288881449964, 17.296288881449964, 17.29684809974184, 17.29684809974184, 17.297407318033716, 17.297407318033716, 17.297407318033716, 17.297407318033716, 17.297407318033716, 17.297407318033716, 17.297407318033716, 17.297407318033716, 17.297407318033716, 17.297407318033716, 17.29740731803372, 17.29740731803372, 17.29740731803372, 17.297966536325593, 17.297966536325593, 17.297966536325593, 17.297966536325593, 17.297966536325593, 17.297966536325593, 17.297966536325593, 17.297966536325593, 17.297966536325593, 17.297966536325593, 17.297966536325593, 17.29852575461747, 17.30547019906191, 17.312414643506358, 17.3193590879508, 17.326303532395247, 17.33324797683969, 17.340192421284137, 17.340192421284137, 17.340192421284137, 17.340192421284137, 17.347696084020455, 17.355199746756774, 17.362703409493093, 17.36964785393754, 17.36964785393754, 17.36964785393754, 17.376592298381983, 17.376592298381983, 17.376592298381983, 17.376592298381986, 17.38353674282643, 17.390481187270876, 17.39742563171532, 17.40437007615976, 17.411314520604208, 17.41825896504865, 17.425203409493097, 17.43214785393754, 17.439092298381986, 17.44603674282643, 17.44603674282643, 17.453540405562748, 17.461044068299067, 17.467988512743513, 17.467988512743513, 17.475492175479832, 17.48299583821615, 17.48299583821615, 17.49049950095247, 17.49800316368879, 17.50550682642511, 17.513010489161427, 17.520514151897746, 17.528017814634065, 17.535521477370384, 17.543025140106703, 17.550528802843022, 17.55803246557934, 17.56553612831566, 17.57303979105198, 17.580543453788298, 17.588047116524617, 17.595550779260936, 17.603054441997255, 17.610558104733574, 17.618061767469893, 17.625565430206212, 17.63306909294253, 17.64057275567885, 17.64807641841517, 17.655580081151488, 17.663083743887807, 17.670587406624126, 17.678091069360445, 17.685594732096764, 17.68615395038864, 17.69365761312496, 17.700602057569405, 17.707546502013848, 17.71449094645829, 17.721435390902737, 17.728379835347187, 17.73532427979163, 17.742268724236077, 17.74921316868052, 17.756157613124966, 17.763661275861285, 17.771164938597604, 17.778109383042047, 17.785053827486493, 17.791998271930936, 17.798942716375382, 17.805887160819825, 17.81283160526427, 17.819776049708715, 17.82672049415316, 17.833664938597604, 17.840609383042047, 17.847553827486493, 17.854498271930936, 17.861442716375382, 17.868387160819825, 17.87533160526427, 17.882276049708715, 17.88922049415316, 17.896164938597604, 17.90310938304205, 17.910053827486493, 17.91699827193094, 17.923942716375382, 17.93088716081983, 17.93783160526427, 17.944776049708718, 17.951720494153165, 17.958664938597607, 17.96560938304205, 17.972553827486497, 17.979498271930943, 17.986442716375386, 17.99338716081983, 18.000331605264275, 18.000331605264275, 18.007835268000594, 18.015338930736913, 18.02228337518136, 18.029227819625802, 18.03617226407025, 18.043675926806568, 18.05062037125101, 18.05812403398733, 18.06562769672365, 18.073131359459968, 18.080635022196287, 18.088138684932606, 18.09508312937705, 18.102027573821495, 18.108972018265938, 18.115916462710384, 18.122860907154827, 18.129805351599273, 18.136749796043716, 18.143694240488163, 18.150638684932606, 18.157583129377052, 18.16508679211337, 18.16508679211337, 18.17259045484969, 18.18009411758601, 18.187597780322328, 18.195101443058647, 18.202605105794966, 18.210108768531285, 18.217612431267604, 18.225116094003923, 18.23261975674024, 18.239564201184688, 18.24650864562913, 18.253453090073577, 18.260956752809896, 18.268460415546215, 18.268460415546215, 18.268460415546215, 18.26846041554622, 18.26846041554622, 18.26846041554622, 18.26846041554622, 18.26846041554622, 18.26846041554622, 18.275964078282538, 18.28290852272698, 18.289852967171427, 18.29679741161587, 18.30430107435219, 18.311804737088508, 18.319308399824827, 18.326812062561146, 18.334315725297465, 18.341819388033784, 18.349323050770106, 18.349323050770106, 18.35626749521455, 18.363211939658996, 18.363211939658996, 18.370715602395315, 18.378219265131634, 18.385163709576076, 18.392108154020523, 18.399052598464966, 18.405997042909412, 18.412941487353855, 18.4198859317983, 18.426830376242744, 18.426830376242744, 18.43377482068719, 18.43377482068719, 18.43377482068719, 18.43377482068719, 18.43377482068719, 18.43377482068719, 18.43377482068719, 18.43377482068719, 18.43377482068719, 18.43377482068719, 18.440719265131637, 18.440719265131637, 18.440719265131637, 18.440719265131637, 18.440719265131637, 18.440719265131637, 18.440719265131637, 18.440719265131637, 18.440719265131637, 18.440719265131637, 18.440719265131637, 18.440719265131637, 18.447663709576084, 18.448222927867956, 18.448222927867956, 18.455726590604275, 18.463230253340594, 18.470733916076913, 18.470733916076913, 18.47767836052136, 18.48518202325768, 18.49212646770212, 18.499070912146568, 18.506015356591014, 18.512959801035457, 18.519904245479903, 18.526848689924346, 18.533793134368793, 18.540737578813236, 18.547682023257682, 18.554626467702125, 18.56157091214657, 18.568515356591014, 18.57545980103546, 18.582404245479903, 18.58934868992435, 18.596293134368793, 18.60323757881324, 18.610182023257682, 18.610182023257682, 18.610182023257686, 18.617685685994005, 18.624630130438447, 18.63157457488289, 18.631574574882894, 18.631574574882894, 18.631574574882894, 18.639078237619213, 18.64658190035553, 18.65408556309185, 18.66158922582817, 18.66909288856449, 18.676596551300808, 18.684100214037127, 18.69104465848157, 18.697989102926012, 18.70493354737046, 18.7118779918149, 18.718822436259348, 18.726326098995667, 18.73327054344011, 18.740214987884556, 18.747718650620875, 18.747718650620875, 18.754663095065318, 18.761607539509765, 18.768551983954207, 18.775496428398654, 18.782440872843097, 18.789385317287543, 18.796329761731986, 18.796329761731986, 18.803274206176432, 18.810218650620875, 18.810218650620875, 18.817722313357194, 18.82466675780164, 18.825225976093513, 18.82578519438539, 18.82578519438539, 18.82578519438539, 18.82578519438539, 18.83328885712171, 18.840792519858027, 18.848296182594346, 18.848296182594346, 18.84829618259435, 18.84829618259435, 18.84829618259435, 18.84829618259435, 18.84829618259435, 18.84829618259435, 18.84829618259435, 18.876633178664, 18.904970174733656, 18.933307170803307, 18.961644166872958, 18.989981162942613, 19.018318159012264, 19.046655155081915, 19.07499215115157, 19.081936595596012, 19.08888104004046, 19.0958254844849, 19.102769928929348, 19.10971437337379, 19.116658817818237]
  BO-ACL: [1.3386970602386477, 1.6773941204772949, 2.3770788401352356, 3.3557381167083418, 3.9187973350002165, 4.959953039466054, 5.326427877482479, 6.367812064549474, 6.8452745619851925, 8.830732761758957, 9.217917481416897, 11.953375681190662, 12.090560400848602, 13.201759741786084, 13.764259741786084, 16.194162386004297, 16.889166048740616, 18.013658658647056, 18.213343378304998, 19.17116932154477, 19.370854041202712, 20.371413259494588, 20.57109797915253, 21.460075097867787, 21.659759817525728, 23.2825735305905, 24.06571503527359, 24.96074198729595, 25.160426706953892, 27.356842073140182, 27.556526792798124, 28.53518606937123, 28.73487078902917, 29.713526493495007, 30.71995997573862, 32.5665292866235, 32.76621400628144, 33.54935551096453, 33.74904023062247, 35.639900041253206, 35.839584760911144, 36.825184909821424, 37.02486962947936, 39.76032782925313, 39.96001254891107, 40.97339404770639, 41.17307876736433, 41.736137985656214, 41.94366493767858, 43.00565754758502, 43.26874005516293, 44.24999180037425, 44.47835208572994, 46.10116579879471, 46.30869275081707, 47.77178424165962, 47.97931119368198, 48.9605629388933, 49.272256557582324, 50.16728350960469, 50.37481046162705, 51.06925490607149, 51.276781858093855, 51.976466577751786, 52.18399352977415, 53.16959367868443, 53.37712063070679, 54.39050212950212, 54.59802908152448, 55.66002169143092, 55.86754864345328, 56.90893283052027, 57.116459782542634, 58.157320067898326, 58.36484701992069, 60.561262386106975, 60.789622671462666, 61.371251835565054, 61.599612120920746, 62.48858923963601, 62.716949524991705, 65.45240772476546, 65.68076801012116, 66.3752124545656, 66.60357273992129, 68.06666423076383, 68.2741911827862, 69.2530753698532, 69.56476898854223, 71.6014621325063, 72.25205362334884, 74.28874676731292, 74.60044038600194, 76.06353187684448, 76.3752254955335, 77.26420261424877, 77.5272851218267, 78.20625995984312, 78.88523479785955, 79.86389407443266, 80.12697658201058, 80.82142102645503, 81.02110574611297, 83.75656394588673, 83.95624866554466, 85.41934015638721, 85.61902487604515, 86.5080019947604, 86.70768671441834, 87.6027136664407, 87.80239838609864, 88.80883186834227, 89.0085165880002, 89.9874007750672, 90.18708549472514, 92.38350086091143, 92.58318558056936, 93.47216269928462, 93.67184741894256, 96.40730561871635, 96.60699033837429, 98.07008182921683, 98.29844211457252, 99.76153360541507, 99.961218325073, 102.69667652484677, 102.8963612445047, 103.4594204627966, 103.65910518245452, 104.67248668124985, 104.87217140090779, 106.33526289175035, 106.53494761140828, 107.5161993566196, 107.71588407627753, 108.49902558096063, 108.69871030061857, 109.74009448768557, 109.9397792073435, 110.52140837144589, 110.74976865680159, 112.4810204020129, 112.7093806873686, 113.68803639183443, 113.91639667719012, 114.92283015943374, 115.12251487909168, 115.68557409738355, 115.88525881704149, 116.86391452150733, 117.06359924116526, 118.04485098637659, 118.24453570603453, 119.28569141050036, 119.4853761301583, 120.47097627906858, 120.67066099872652, 122.13375248956906, 122.333437209227, 125.06889540900079, 125.26858012865873, 126.73167161950128, 126.93135633915922, 127.91260808437053, 128.11229280402847, 128.67535202232034, 128.87503674197828, 129.65817824666138, 129.85786296631932, 130.8391147115306, 131.03879943118858, 132.15657250714446, 132.35625722680237, 133.3976414138694, 133.5973261335273, 134.61070763232266, 134.81039235198062, 135.79164409719192, 135.99132881684986, 137.0533214267563, 137.25300614641424, 138.29439033348123, 138.49407505313917, 139.50745655193452, 139.70714127159243, 140.68839301680376, 140.8880777364617, 141.9294619235287, 142.12914664318663, 142.96998363925627, 143.16966835891424, 144.15092010412553, 144.35060482378347, 145.39198901085047, 145.5916737305084, 146.71616634041484, 146.91585106007278, 147.80482817878806, 148.00451289844597, 149.045897085513, 149.24558180517093, 150.13455892388617, 150.33424364354414, 151.3198437924544, 151.51952851211234, 152.53291001090767, 152.7325947305656, 153.29565394885753, 153.49533866851544, 154.47659041372677, 154.6762751333847, 156.13936662422725, 156.3390513438852, 159.07450954365896, 159.33759205123687, 160.3789762383039, 160.75316985699288, 161.7344216022042, 161.99750410978214, 163.0388882968491, 163.26724858220481, 164.15622570092006, 164.38458598627577, 165.0790304307202, 165.3073907160759, 166.77048220691844, 166.99884249227415, 168.4619339831167, 168.69029426847237, 169.25335348676424, 169.48171377211992, 172.21717197189372, 172.44553225724943, 173.45891375604475, 173.68727404140043, 175.15036553224297, 175.37872581759868, 176.26770293631392, 176.49606322166963, 177.9591547125122, 178.18751499786788, 180.92297319764165, 181.15133348299736, 182.6144249738399, 182.84278525919558, 183.40584447748745, 183.63420476284313, 184.64758626163848, 184.8759465469942, 185.8571982922055, 186.0855585775612, 187.0989400763565, 187.32730036171222, 188.21627748042746, 188.44463776578317, 189.423293470249, 189.65165375560468, 190.65808723784832, 190.886447523204, 191.86510322766983, 192.09346351302554, 193.09989699526915, 193.32825728062483, 194.31385742953512, 194.54221771489082, 195.52346946010215, 195.75182974545783, 196.76521124425315, 196.99357152960886, 198.4566630204514, 198.68502330580708, 201.42048150558082, 201.64884179093653, 203.1119332817791, 203.34029356713478, 204.32154531234607, 204.54990559770178, 205.33304710238485, 205.5614073877406, 206.45038450645583, 206.67874479181154, 207.65999653702283, 207.8883568223785, 208.7773339410938, 209.00569422644946, 209.98694597166082, 210.2153062570165, 211.10428337573177, 211.33264366108745, 212.31389540629877, 212.54225569165445, 213.52350743686577, 213.75186772222145, 214.79325190928847, 215.02161219464415, 215.91058931335942, 216.1389495987151, 217.12020134392642, 217.3485616292821, 218.23753874799738, 218.46589903335305, 219.44715077856438, 219.67551106392006, 220.6567628091314, 220.88512309448708, 222.92181623845116, 223.15017652380683, 224.0391536425221, 224.2675139278778, 225.2808954266731, 225.50925571202882, 226.54239721671192, 226.77075750206762, 228.23384899291017, 228.46220927826585, 231.19766747803962, 231.42602776339533, 232.88911925423787, 233.11747953959355, 235.85293773936732, 236.081298024723, 238.2777133909093, 238.50607367626498, 239.96916516710752, 240.19752545246322, 240.7605846707551, 240.9889449561108, 242.00232645490613, 242.2306867402618, 243.21193848547313, 243.4402987708288, 244.32927588954408, 244.55763617489976, 245.53888792011108, 245.76724820546676, 246.65622532418206, 246.88458560953774, 247.86583735474906, 248.09419764010477, 249.07544938531606, 249.30380967067177, 251.34050281463584, 251.56886309999152, 252.4578402187068, 252.68620050406247, 254.149291994905, 254.37765228026072, 255.35890402547204, 255.58726431082772, 256.476241429543, 256.7046017148987, 259.4400599146724, 259.6684202000281, 262.4038783998019, 262.6322386851576, 263.64562018395293, 263.8739804693086, 265.33707196015115, 265.5654322455068, 267.0285237363494, 267.2568840217051, 269.99234222147885, 270.2207025068345, 270.7837617251264, 271.01212201048213, 272.4752135013247, 272.70357378668035, 274.16666527752295, 274.39502556287863, 277.1304837626524, 277.3588440480081, 278.82193553885065, 279.05029582420633, 279.6133550424982, 279.8417153278539, 280.85509682664923, 281.0834571120049, 282.06470885721626, 282.29306914257194, 285.0285273423457, 285.2568876277014, 286.2381393729127, 286.4664996582684, 287.92959114911093, 288.1579514344666, 289.17133293326197, 289.39969321861764, 290.28867033733286, 290.5170306226886, 291.4982823678999, 291.72664265325557, 292.61561977197084, 292.8439800573266, 293.82523180253787, 294.05359208789355, 294.9425692066088, 295.1709294919645, 296.1521812371758, 296.38054152253153, 299.1159997223053, 299.34436000766095, 300.3256117528723, 300.553972038228, 301.4429491569432, 301.67130944229893, 302.65256118751023, 302.8809214728659, 303.7698985915812, 303.9982588769369, 304.9795106221482, 305.2078709075039, 306.63356709715964, 306.8619273825153, 308.32501887335786, 308.5533791587136, 309.4423562774289, 309.6707165627846, 310.6519683079959, 310.8803285933516, 311.9217127804186, 312.1500730657743, 313.1313248109856, 313.3596850963413, 314.2486622150566, 314.47702250041226, 315.45827424562356, 315.6866345309793, 316.7000160297746, 316.92837631513027, 317.90962806034156, 318.1379883456973, 319.02696546441257, 319.25532574976825, 320.23657749497954, 320.4649377803353, 321.3539148990505, 321.58227518440617, 322.5635269296175, 322.7918872149732, 323.83327140204017, 324.0616316873959, 325.0428834326072, 325.2712437179629, 326.16022083667815, 326.3885811220338, 327.3698328672451, 327.59819315260086, 328.4871702713161, 328.71553055667175, 329.6967823018831, 329.9251425872388, 330.81411970595406, 331.04247999130973, 332.02373173652103, 332.2520920218767, 334.9875502216505, 335.21591050700624, 336.6790019978488, 336.90736228320446, 337.88861402841576, 338.11697431377144, 339.15835850083846, 339.38671878619414, 340.3679705314055, 340.59633081676117, 341.48530793547644, 341.7136682208321, 342.6949199660434, 342.9232802513991, 343.2635580291769, 343.4919183145326, 344.3808954332479, 344.60925571860355, 346.0723472094461, 346.30070749480177, 347.3140889935971, 347.5424492789528, 348.5237010241641, 348.75206130951983, 349.6410384282351, 349.8693987135908, 350.8506504588021, 351.0790107441578, 353.81446894393156, 354.04282922928724, 355.0240809744986, 355.25244125985427, 356.14141837856954, 356.3697786639252, 357.35103040913657, 357.57939069449225, 358.4683678132075, 358.6967280985632, 359.67797984377455, 359.9063401291302, 360.9477243161972, 361.1760846015529, 362.1573363467642, 362.3856966321199, 363.2746737508352]
